2.2273312710334725
2.1972623370238002
2.161024092970849
2.1328497108360267
2.1180227832648395
2.113596477754516
2.1145379625460197
2.1176862391642275
2.1215674070839743
2.1253297823743758
2.128423176520939
2.1305712193438744
2.1316856197713485
2.1318057953258975
2.131024979669518
2.129338741872724
2.1264866606932507
2.1218312388171885
2.1142279893264635
2.1018434744191867
2.081938889445938
2.0507834674930376
2.0041819859536423
1.9393411744390723
1.85780577613902
1.7659562737365682
1.6682848073415482
1.5555728168021947
1.3972933309938358
1.1596316325473814
0.8783565039347054
0.5951040266151969
0.3671100893348048
0.22819318433628613
0.14704985765224
0.10078719567407075
0.07375702859162217
0.056998672765596434
0.046141354787654215
